board_cols: 9
board_rows: 6
camera_matrix:
- - 591.3669592841128
  - 0.0
  - 643.8559356720739
- - 0.0
  - 590.1281027314918
  - 370.3876182383728
- - 0.0
  - 0.0
  - 1.0
dist_coeffs:
- - -0.053807123755340386
  - 0.04227480666228016
  - 0.0004992385546627582
  - 0.0005419178288067199
  - -0.01783078941967185
image_height: 720
image_width: 1280
reprojection_error: 0.025221387028133695
square_size_mm: 20.0
